     Carga    Threads   Tempo(s)
36.82 
       100          1           
19.76 
       100          2           
11.94 
       100          4           
14.21 
       100          6           
160.95 
       500          1           
84.98 
       500          2           
57.60 
       500          4           
59.17 
       500          6           
310.35 
      1000          1           
163.64 
      1000          2           
111.09 
      1000          4           
118.17 
      1000          6           
1529.04 
      5000          1           
781.14 
      5000          2           
522.56 
      5000          4           
532.20 
      5000          6           
2892.41 
     10000          1           
1537.81 
     10000          2           
1032.65 
     10000          4           
1052.35 
     10000          6           
